<< サイクロトロン　パズル　no.1 >>
 2  3 11 84 10 92 63 72 19 91 98 68 51 16 46 77 14 12 46 63  
23 51 26 34 73 94 27 49 73 98 60 44 36 31 79 73 67 72 56 74  
11 71 40 25 22 31 83 31 20 96 23 96 74  3  6 13 97 87 25 33  
87 92 73                                           79 50  3  
45 57 61                                           33 55 81  
23 48 43                                           85 50 28  
73 42 29                                           39 97 92  
56 31 61                                           17 23 19  
88 40 52                                           13 32 71  
54 79 11                                           51 56 49  
 9 60 43                                           11 99 47  
99 13 20                                           34 12 32  
12 48 26 67 37 34 49 56 99 32 39 94 11 23  9 29 45 56 62 65  
90 70 70 15 25  6 44 77  8 66 14 54 93  3 78 95 99 99 18 69  
13 20 62 53 61  6 82 55 43 79 98 37 46 26 97 66 43 49 25 64  


<< サイクロトロン　パズル　no.1 >>
48 29 44 18 90 91 69 25 62 98 11  4 39 33 64 81 46 95 62 38
68 24 96 18 94 87 14 17 32 69 89 69 27 25 88 67 11 21 32  6
44 42 69 11 35 74 59 43 29 45 99 13 53 42 63 30 81 80 13  7
38 31 43                    1                      62 42 28
77 67 86                    2                      90 33 78
 2 38  0                    3                      57  9 90
 7 88 72                    4                      20 81 34
92 24 47 10 11 12 13 14 15  5 16 17 18 19 20 21 22 38 82  5
90 11 53                    6                      89 85 94
13 45 75                    7                      49 22  0
61 25 34                    8                      68 35 93
42 35 68                    9                      24 64 89
54 37 46 83 30 33  4 83 87 18 96 53 45 18 50 64 61 98 18 44
68 89 35 74 36 60 36 95 41 31 92  4 22 80 16 11 20 43 19 28
66  3 46 50 29 52 81 32 76 45 57 89 56 20 47 34 78 94 82 88
